0.000000000000000000e+00
0.000000000000000000e+00
0.000000000000000000e+00
0.000000000000000000e+00
4.000000000000000000e+00
4.000000000000000000e+00
6.000000000000000000e+00
4.000000000000000000e+00
0.000000000000000000e+00
1.640000000000000000e+02
0.000000000000000000e+00
4.000000000000000000e+00
0.000000000000000000e+00
4.000000000000000000e+00
4.000000000000000000e+00
0.000000000000000000e+00
0.000000000000000000e+00
4.000000000000000000e+00
4.000000000000000000e+00
0.000000000000000000e+00
0.000000000000000000e+00
4.000000000000000000e+00
4.000000000000000000e+00
0.000000000000000000e+00
0.000000000000000000e+00
4.000000000000000000e+00
0.000000000000000000e+00
1.640000000000000000e+02
4.000000000000000000e+00
4.000000000000000000e+00
2.560000000000000000e+02
2.560000000000000000e+02
2.560000000000000000e+02
2.560000000000000000e+02
2.560000000000000000e+02
2.560000000000000000e+02
2.560000000000000000e+02
2.560000000000000000e+02
2.560000000000000000e+02
2.560000000000000000e+02
2.560000000000000000e+02
2.560000000000000000e+02
2.560000000000000000e+02
2.560000000000000000e+02
2.560000000000000000e+02
2.560000000000000000e+02
2.560000000000000000e+02
2.560000000000000000e+02
2.560000000000000000e+02
2.560000000000000000e+02
2.560000000000000000e+02
0.000000000000000000e+00
2.560000000000000000e+02
2.560000000000000000e+02
2.560000000000000000e+02
2.560000000000000000e+02
2.560000000000000000e+02
2.560000000000000000e+02
2.560000000000000000e+02
2.560000000000000000e+02
2.560000000000000000e+02
1.640000000000000000e+02
2.630000000000000000e+02
0.000000000000000000e+00
1.640000000000000000e+02
0.000000000000000000e+00
2.560000000000000000e+02
6.700000000000000000e+01
0.000000000000000000e+00
2.560000000000000000e+02
4.000000000000000000e+00
2.560000000000000000e+02
6.700000000000000000e+01
6.700000000000000000e+01
2.560000000000000000e+02
2.560000000000000000e+02
1.640000000000000000e+02
4.000000000000000000e+00
2.560000000000000000e+02
2.560000000000000000e+02
8.000000000000000000e+01
8.000000000000000000e+01
8.000000000000000000e+01
0.000000000000000000e+00
8.000000000000000000e+01
2.560000000000000000e+02
2.560000000000000000e+02
2.560000000000000000e+02
8.000000000000000000e+01
8.000000000000000000e+01
1.640000000000000000e+02
1.640000000000000000e+02
2.630000000000000000e+02
2.630000000000000000e+02
2.560000000000000000e+02
1.640000000000000000e+02
1.640000000000000000e+02
1.640000000000000000e+02
1.640000000000000000e+02
2.560000000000000000e+02
1.640000000000000000e+02
1.640000000000000000e+02
1.020000000000000000e+02
1.640000000000000000e+02
1.640000000000000000e+02
0.000000000000000000e+00
2.630000000000000000e+02
1.640000000000000000e+02
1.640000000000000000e+02
1.640000000000000000e+02
0.000000000000000000e+00
1.640000000000000000e+02
1.640000000000000000e+02
1.640000000000000000e+02
0.000000000000000000e+00
1.640000000000000000e+02
1.640000000000000000e+02
2.560000000000000000e+02
0.000000000000000000e+00
1.640000000000000000e+02
1.640000000000000000e+02
2.560000000000000000e+02
2.560000000000000000e+02
1.640000000000000000e+02
2.560000000000000000e+02
0.000000000000000000e+00
4.000000000000000000e+00
2.560000000000000000e+02
0.000000000000000000e+00
2.560000000000000000e+02
0.000000000000000000e+00
2.560000000000000000e+02
2.560000000000000000e+02
2.560000000000000000e+02
0.000000000000000000e+00
2.560000000000000000e+02
2.560000000000000000e+02
2.560000000000000000e+02
2.560000000000000000e+02
2.560000000000000000e+02
2.560000000000000000e+02
2.560000000000000000e+02
0.000000000000000000e+00
2.560000000000000000e+02
2.560000000000000000e+02
2.560000000000000000e+02
2.560000000000000000e+02
2.560000000000000000e+02
2.560000000000000000e+02
2.560000000000000000e+02
1.640000000000000000e+02
2.560000000000000000e+02
2.560000000000000000e+02
2.560000000000000000e+02
2.560000000000000000e+02
2.560000000000000000e+02
2.560000000000000000e+02
0.000000000000000000e+00
2.560000000000000000e+02
2.560000000000000000e+02
2.560000000000000000e+02
0.000000000000000000e+00
2.560000000000000000e+02
0.000000000000000000e+00
1.640000000000000000e+02
0.000000000000000000e+00
0.000000000000000000e+00
0.000000000000000000e+00
1.640000000000000000e+02
0.000000000000000000e+00
2.560000000000000000e+02
2.630000000000000000e+02
0.000000000000000000e+00
0.000000000000000000e+00
0.000000000000000000e+00
0.000000000000000000e+00
1.640000000000000000e+02
0.000000000000000000e+00
2.560000000000000000e+02
1.640000000000000000e+02
2.560000000000000000e+02
0.000000000000000000e+00
0.000000000000000000e+00
2.560000000000000000e+02
0.000000000000000000e+00
2.560000000000000000e+02
2.560000000000000000e+02
2.560000000000000000e+02
2.560000000000000000e+02
2.560000000000000000e+02
2.560000000000000000e+02
2.560000000000000000e+02
0.000000000000000000e+00
2.560000000000000000e+02
0.000000000000000000e+00
2.560000000000000000e+02
2.560000000000000000e+02
2.560000000000000000e+02
0.000000000000000000e+00
0.000000000000000000e+00
2.560000000000000000e+02
2.560000000000000000e+02
2.560000000000000000e+02
4.000000000000000000e+00
2.560000000000000000e+02
2.560000000000000000e+02
2.560000000000000000e+02
2.560000000000000000e+02
2.560000000000000000e+02
2.560000000000000000e+02
2.560000000000000000e+02
2.560000000000000000e+02
2.560000000000000000e+02
2.560000000000000000e+02
0.000000000000000000e+00
2.560000000000000000e+02
2.560000000000000000e+02
2.560000000000000000e+02
2.560000000000000000e+02
2.560000000000000000e+02
2.560000000000000000e+02
2.560000000000000000e+02
2.560000000000000000e+02
2.560000000000000000e+02
2.560000000000000000e+02
2.560000000000000000e+02
2.560000000000000000e+02
1.640000000000000000e+02
2.560000000000000000e+02
2.560000000000000000e+02
2.560000000000000000e+02
2.560000000000000000e+02
0.000000000000000000e+00
2.560000000000000000e+02
2.560000000000000000e+02
2.560000000000000000e+02
2.560000000000000000e+02
2.560000000000000000e+02
2.560000000000000000e+02
2.560000000000000000e+02
8.000000000000000000e+01
1.640000000000000000e+02
1.640000000000000000e+02
1.640000000000000000e+02
2.560000000000000000e+02
1.640000000000000000e+02
1.640000000000000000e+02
1.640000000000000000e+02
1.640000000000000000e+02
2.560000000000000000e+02
1.640000000000000000e+02
8.000000000000000000e+01
2.560000000000000000e+02
1.640000000000000000e+02
1.640000000000000000e+02
2.560000000000000000e+02
2.560000000000000000e+02
2.560000000000000000e+02
2.560000000000000000e+02
1.640000000000000000e+02
8.000000000000000000e+01
2.560000000000000000e+02
0.000000000000000000e+00
2.630000000000000000e+02
8.000000000000000000e+01
0.000000000000000000e+00
2.660000000000000000e+02
1.640000000000000000e+02
2.660000000000000000e+02
2.560000000000000000e+02
2.560000000000000000e+02
2.560000000000000000e+02
2.560000000000000000e+02
2.560000000000000000e+02
2.560000000000000000e+02
2.560000000000000000e+02
0.000000000000000000e+00
2.560000000000000000e+02
2.560000000000000000e+02
2.660000000000000000e+02
2.560000000000000000e+02
2.560000000000000000e+02
2.560000000000000000e+02
2.560000000000000000e+02
2.560000000000000000e+02
2.560000000000000000e+02
2.560000000000000000e+02
2.560000000000000000e+02
2.560000000000000000e+02
2.560000000000000000e+02
2.560000000000000000e+02
2.560000000000000000e+02
2.560000000000000000e+02
1.640000000000000000e+02
2.560000000000000000e+02
2.560000000000000000e+02
1.640000000000000000e+02
1.640000000000000000e+02
2.560000000000000000e+02
0.000000000000000000e+00
